TOTAL_START=1.458179791444E12 seconds
SEARCH_START=1.45817979146E12 ms
SEARCH_DONE=1.45817979146E12 ms
SOLUTION_TIME=0.0 ms
STATUS=success
SOLUTION=(COUNT_NODES=0
COUNT_DEADENDS=0